#C PVvalue #22
#H Amp Err Amp Err Pos Err Pos Err Wid Err Wid Err Lattice1 Lattice2 Lattice1% Lattice2% 
1487.022840 26.813629 962.708787 15.916089 17.684243 0.086701 32.460888 0.210235 4.864091 0.067819 7.937648 0.303809 4.049948 3.908959 0.000000 0.000000
1503.478090 23.653753 963.112880 13.932198 17.808725 0.076599 32.451015 0.186189 4.784182 0.060049 7.805554 0.265525 4.048718 3.909049 -0.030376 0.002326
1534.394807 20.477843 960.700977 13.255006 17.922377 0.071925 32.728175 0.166691 4.745525 0.056351 7.631819 0.244650 4.047596 3.906499 -0.058092 -0.062931
1552.594921 19.969468 959.227271 15.034989 18.033901 0.076343 33.186058 0.167880 4.757250 0.060000 7.583758 0.263354 4.046495 3.902292 -0.085275 -0.170554
1576.495028 19.001435 953.264844 17.669199 18.225959 0.085341 33.799645 0.173653 4.826137 0.067241 7.390136 0.286037 4.044600 3.896668 -0.132053 -0.314410
1605.488591 17.951556 953.541971 20.776543 18.385939 0.088017 34.412525 0.173194 4.853742 0.070478 7.336195 0.307041 4.043024 3.891068 -0.170984 -0.457688
1613.727863 16.467720 950.797139 22.886898 18.591671 0.089395 34.985998 0.169418 4.948518 0.072203 7.240629 0.312184 4.040998 3.885842 -0.221005 -0.591380
1625.173281 17.019661 950.800822 25.471533 18.691541 0.093014 35.221869 0.177326 4.926804 0.075896 7.208577 0.333604 4.040015 3.883696 -0.245269 -0.646264
1620.593470 16.837772 961.691240 25.218032 18.784714 0.090104 35.249296 0.171690 4.902380 0.072284 7.295569 0.327509 4.039099 3.883447 -0.267895 -0.652642
1598.323054 19.200029 950.627478 24.169531 18.781787 0.095549 34.814849 0.187032 4.846248 0.074923 7.360126 0.343312 4.039127 3.887400 -0.267184 -0.551518
1548.418013 23.190237 956.280623 23.051487 18.576185 0.092735 34.208554 0.196515 4.786441 0.071528 7.794625 0.360646 4.041150 3.892930 -0.217242 -0.410049
1545.935242 21.577762 949.165145 20.385646 18.405539 0.085437 33.992029 0.183553 4.778216 0.066517 7.778565 0.329420 4.042830 3.894909 -0.175752 -0.359429
1538.203599 20.766084 946.262600 20.287458 18.304546 0.083523 34.034668 0.178040 4.810434 0.065174 7.838900 0.325798 4.043826 3.894519 -0.151181 -0.369402
1559.407160 18.506353 943.680500 20.884089 18.280587 0.084413 34.354209 0.170875 4.876590 0.066200 7.684759 0.318125 4.044062 3.891600 -0.145350 -0.444072
1570.469460 17.566821 939.453777 22.638959 18.247279 0.087163 34.657863 0.171738 4.946496 0.068936 7.637086 0.328930 4.044390 3.888830 -0.137243 -0.514927
1611.323000 15.666645 951.702087 22.800086 18.193332 0.080817 34.914445 0.158325 4.951481 0.065522 7.558392 0.309886 4.044922 3.886493 -0.124110 -0.574719
1626.474778 15.836134 949.615410 24.861161 18.193924 0.086649 35.135056 0.166763 5.024328 0.071510 7.433316 0.325924 4.044916 3.884486 -0.124254 -0.626071
1623.846863 15.206503 945.751587 23.861665 18.185432 0.087703 35.188477 0.163799 5.099881 0.074203 7.236970 0.310641 4.045000 3.884000 -0.122186 -0.638498
1605.001132 16.635549 952.206910 23.361965 18.070605 0.095434 34.826925 0.175273 5.120610 0.079139 7.289119 0.321780 4.046132 3.887290 -0.094218 -0.554332
1542.209032 21.975439 955.071297 19.729377 17.811940 0.095836 33.632116 0.194914 4.997337 0.074584 7.722774 0.328513 4.048686 3.898202 -0.031160 -0.275174
